lengths = [299.1936364
280.47
314.3888235
323.9175
328.2422222
374.045
413.19
423.3108333
433.5566667
448.875
508.09625
645.3025
695.0883333
764.3266667
863.0191667
894.4133333
932.6783333
998.866
1082.5225
1060.911667];

time = 0:1.5:28.5;